0262902814033330420604977
02877034630437405320
027670284102763026660269602761027370264502626027460283402787026430246102350024290268602850027760267902622023920201701890021540248402653027100276502845028110252002110019540218102550027890264802132017370180802175025350272902774027440269202677027400275702655026300272002671023860220702479028960291902594023890249902784033460429805193
027030270402661026570267902682026690262502625027460283402809027040254502507026880295603045027840245802288021650220302400025120256602627025810236002065019770222602555027160275402834030210307302666020690189302191025140255702305019220168501767021430258302816028460281502755027210280902933029170277602679026100239202159022390254602723026890260602632027290267702471023970253102741032380419705090
026670268102637026250266402619024820246302619027800280402695025750256502641027680293002917026550236602184022220241302506025580264902620023380198401946022350254802746028120278702833029560279102249019430217802513025650229901914017070180602121025020278502855028080278502779027620274502800029010285902660023640211102190024950267902688026210250002363023740256402850034120431305076
0263302701027470277502681025220250202597026990277302704025680259502699027210274302804027800252602123019250210902391025010255802649026200233801984019460223502548027460281202787028330295602791022490194302178025130256502299019140170701806021210250202785028550280802785027790276202745028000290102859026600236402103021570244302645027080265302458023630255102843033320418404976
025290233502125022200253302733026510245702485027000281102795027020254502507026880295603048027960247602300020920194302103023890251502544025880260302441020960196802233025250265802801030220313802948024860201901906021920250602563023130190001646017890222402614028070285302785026970276802997030500279202596026290262302385021190218002457025270228102092022760253602527024570254602733031890406704827
02719028070268502505025160265802716026700259202546025970272202809027560257702490025540244802167021490237702508025600263502634023990200101843021230252602748028350287502844027210248602257022480240802550025510230601916016930182002182025190268202743027860278702802028500275602565025960286702965025950213502128024620265502530023960250602746031970407705035
01691017040170501697017030171101689016500167201753017840177501782017520169401741019290204601921017410169101704017050169701703017110168901650016720175301867021970277303237
0265502764027980278902907033990424405015
02877034630437405320
027670284102763026660269602761027370264502626027460283402787026430246102350024290268602850027760267902622023920201701890021540248402653027100276502845028110252002110019540218102550027890264802132017370180802175025350272902774027440269202677027430277102674026400274602812027870283302944027950240402292025410270202558023950249802806033990434405207
027030270402661026570267902682026690262502625027460283402809027040254502507026880295603045027840245802288021650220302400025120256602627025810236002065019770222602555027160275402834030210307302666020690189302191025140255702305019220168501767021430258302816028460281502755027210281202947029360278602705027510279702797027120244802182022320249302684027530274002735027580264502390023560270803126035790435305124
026670268102637026250266402619024820246302619027800280402695025750256502641027680293002917026550236602184022220241302506025580264902620023380198401946022350254802746028120278702833029560279102249019430217802513025650229901914017070180602121025020278502855028080278502779027650275902819029110288502801027840279602720024270212702197024870262602649026850263402466024030253202739032240415505024
0263302701027470277502681025220250202597026990277302704025680259502699027210274302804027800252602123019250210902391025010255802649026200233801984019460223502548027460281202787028330295602791022490194302178025130256502299019140170701806021210250202785028550280802785027790276502759028190291102885028010278402796027200242702119021640243502592026690271702592024660258002837033250417804974
025290233502125022200253302733026510245702485027000281102795027020254502507026880295603048027960247602300020920194302103023890251502544025880260302441020960196802233025250265802801030220313802948024860201901906021920250602563023130190001646017890222402614028070285302785026970276803000030640281102606026550276402798027890271802448021280212802418025910241502195023050250402446024160272303118035300422304861
02719028070268502505025160265802716026700259202546025970272202809027560257702490025540244802167021490237702508025600263502634023990200101843021230252602748028350287502844027210248602257022480240802550025510230601916016930182002182025190268202743027860278702802028530277002584026060289303106030140283302706024350211602135024610266102522023430246702811033350418705071
01691017040170501697017030171101689016500167201753017840177501782017520169401741019290204601921017410169101704017050169701703017110168901650016720175301867021970277303237
02761033560429105156
02877034630437405320
0276702841027630266602696027610273702645026260274602834027870264302461023500242902686028500277602679026220239202017018900215402484026530271002765028450281102520021100195402181025500278902648021320173701808021750253502729027740274402692026770274202779027100267602642023930213002284027790304402774024390248602781033470429005187
0270302704026610265702679026820266902625026250274602834028090270402545025070268802956030450278402458022880216502203024000251202566026270258102360020650197702226025550271602754028340302103073026660206901893021910251402557023050192201685017670214302583028160284602815027550272102811029550297202822026010232802128022400254002715027110264502610026480264602480023900256102847033800430505126
0266702681026370262502664026190248202463026190278002804026950257502565026410276802930029170265502366021840222202413025060255802649026200233801984019460223502548027460281202787028330295602791022490194302178025130256502299019140170701806021210250202785028550280802785027790276402767028550294702781023630206802182025030267302680026430253902341022930253302851033730426905062
02633027010274702775026810252202502025970269902773027040256802595026990272102743028040278002526021230192502109023910250102558026490262002338019840194602235025480274602812027870283302956027910224901943021780251302565022990191401707018060212102502027850285502808027850277902764027670285502947027810236302060021490245102639027000267502497023410247002819033610419404974
0252902335021250222002533027330265102457024850270002811027950270202545025070268802956030480279602476023000209201943021030238902515025440258802603024410209601968022330252502658028010302203138029480248602019019060219202506025630231301900016460178902224026140280702853027850269702768029990307202847026420255102333020970216702449025490232002070021950250502536024500257602839033310417504863
027190280702685025050251602658027160267002592025460259702722028090275602577024900255402448021670214902377025080256002635026340239902001018430212302526027480283502875028440272102486022570224802408025500255102306019160169301820021820251902682027430278602787028020285202778026200264202789026690228502171024490265402538023900249802788033220421105085
01691017040170501697017030171101689016500167201753017840177501782017520169401741019290204601921017410169101704017050169701703017110168901650016720175301867021970277303237
0268502744027560268802419021550222202477026580270602498021970222702636033240425405068
59501
0259402697027550274502698026650268202700026840261402493024310246802521025630269302902029850287902791027640254802192021350243202795033420418804924
02357024500251802644027300273102609024430248502700028110277602653024840230602202024070274402790026930266402643026630274702775025590213601870020510248602771030120360404368
02122023790245302510026500273802709025700246502566027310280202786026350244202357023050225802306024340256002656026780263602661027610276102494021130192301945021630251702761029170327203889
0184402110023640244102516026580271602670025920254602597027220280902751024890226002412025950229901877018180208602398025660265502684026280260802722028250262602202019220182701830021130266003038031000319803501
018890212702363024390251602658027160267002592025460259702722028090275302490022440237602561022800186901740018280208702390025720266302662025890263002803028630264602262019520181401894023000277502920029520321503595
01691017040170501697017030171101689016500167201753017840177501782017520169401741019290204601921017410169101704017050169701703017110168901650016720175301867021970277303237
026850274402756026880241102132022120243802367021580222002641033700430405084
59501
0259402697027550274502698026650268202700026840261402493024310246802521025630269302902029850287902791027640254802192021350243202795033420418804924
02357024500251802644027300273102609024430248502700028110277602653024840230602202024070274402790026930266402643026630274702775025590213601870020510248602771030120360404368
02122023790245302510026500273802709025700246502566027310280202786026350244202357023050225802306024340256002656026780263602661027610276102494021130192301945021630251702761029170327203889
0184402110023640244102516026580271602670025920254602597027220280902751024890226002412025950229901877018180208602398025660265502684026280260802722028250262602202019220182701830021130266003038031000319803501
018890212702363024390251602658027160267002592025460259702722028090275302490022440237602561022800186901740018280208702390025720266302662025890263002803028630264602262019520181401894023000277502920029520321503595
