026240268402679025800234402160022640249402650027680283102850028420275202752031930409004932
02722027990274902665026960276102701025110238102409024760255502627025520231802278026750303402926026800256602409022800232502315022710242402593026610267202516024030259202714024730230502584029290283702443022720248102839034210433405147
02742027640275002766027380267902682027000268402614024930243102474025320253902541025530258302667027290269602643025800240202278023390230102210024070269602773026940251402380025040270302708026100257602624026070239502242024130268902948035090442705210
02668027840282802750026710270402739026620253302462024400246702562025970249402365024660279202909027460263002579024100227202331023230224902385026150274202703025070241002562026560252002493027010280402657023740221202367026000270702893034400430305056
02603026150242802286024270262802680026560266302724026860256702595026990272102739027880275502577024330247102549025050232102240024570267702655026110262802489023500241002351021940236602772029900283202473023190251402667024760226702366025720256602367023030249402692027730275802745031060398704868
026480262302428022860242702628026800265602571023980230202455026730272202705028010296003013029140279102703025650241402353023950249102534024500229602290025300276302787026910256902446025040267402533023010242602647026940261602435023390249902612024510231702439026580269802434021880237102820030680295302670023900226202395025880267302851034380434905064
026480262302428022860242702628026800265602571024010231602474026830274802754028340302103153030380278902659026970275502709025640242002345023420245202598025840239902319024980268202746028680292102626023160231902316022650243202646027000260802382023000256302746025540234602407025770265702611025400255102632027130273602634023990227502420025900264602732028460287602993035180437605067
02648026230242802286024270262802680026560257102400023240251002719027360270302742028890303902971027530255202413023610238902483025560248902274022090249902772027800272102627023990231602557026580248102476026340269302624024290233102521026510242902236024080266702691024640224602324026320295103078028500244202271024490264202793033280426705039
01691017040170501697017030171101689016500167201753017840177501782017520169401741019290204601921017410169101704017050169701703017110168901650016720175301867021970277303237
027060277502738026170235702153022590249402650027680283102850028420275202747031790410505038
026910260502374022450242702666027070260302418023030242102673028400279102663027340297903058027820245002347023960248502542025030234102244024150267502785026850243202280023970260902798030200306102693023330232102309022430241502658027290264202419023240256902746025540234602407025770265702610025330253802754034000439005151
026770265702472023410250002729027720267502635027460283402787026430246102350024330270902891027210235202168023420262002754027940272602461022420230202358023220249302737027700264702510025810286202883025200225502359025880261302405022920246602770033450430205098
0267702657024610229702439026970279902777027250272202777028250279402613024030239702621028260276602541023020218102343026120276002802027040242202264023830238902313025000270702712026940269802698027370270302470022680236002580026190240202226023660265802972035210437005100
02691026050236602222024170269602740026650267302734027430272102633023700216202358028270310402960027100268402754027170255802412023670238102430025170255302414023300254702755027260264202586025440256602656027480279502720024690229502341022860216502380027380283502790027830273302653026870278002687024910253702653024830226902352025860262702370021370228902767034860442405155
02710027190270602678026620265702540022890223402530028020285802807027150268702791029410290702630023970238302484025500249702314021880232702565027290284402799025470237402382022910225602637030310297202756026920268502664026430255402352022590244602634025320234802430026650266802396023220270603178036550442605163
027100271902706026780266202657025400227802190024690277002885029090280502663027340297903058027820245002347023960248502542025030232202166022880258702810028750279002554023440232402338024440275402906027920270602705026860265602649025620233002220024680271502563023390243702635026100243202466027620290702960034500438805167
025980264402686026710248702343024570261802696027680278702689024510223902313026390297303012027290255402638027310270302556024120236702381024300251702553024020227602438026260263302681029100302002683022890234402619027620278802718024830228102280022770229102502027300280002705024630239302745030080270002305023460258702621023780219002328024950236102239023790242002367025560275502726026420258602545025590253302355022730248102815033480419204935
01691017040170501697017030171101689016500167201753017840177501782017520169401741019290204601921017410169101704017050169701703017110168901650016720175301867021970277303237
02656026100238802174022840255502667026650271902828028440277502893034700438205090
026980280102810027760275102657023840219802382026700279802857028370272602687027910297103014028200266402681027150266602596026260270102711026550264402761027870255502374024870268402760027210268002708027150258602343022340240602620026330235901943018580220502555027130271302440020380206202572029470291702801027840279602720024730230702388023710225602421026900268502581029470396404999
0261602437022720241202644027170263502383022160242502725028150279102773027550271002737028590286802768026890256302414023530239502491025340245002302023080254902778028140265302351022390257402961029780283202706024760229702327023140226602416026020262902486023510249002723027580264002474024730271802862027810270002834033940431105024
