026770265702440022130230802729034320436605108
02864034360441105343
026290263502393020090189602162024620261402732028460287602802025270208001896022280273803100035100423804974
027060277502738026170235702153022590249402650027680283102850028420275202747031790410505038
026770265702472023410250002857034640436605108
026290263502393020090189602162024620261402732028460287602802025270208001896022280273802906025230195201681018070217402524026890266402424021660227702741033890423004979
0257702651026880270702699026810266802599023930221402311025800269002517023550253102986035910430104913

025840263802652026930274502669024950246302619027800280402695025750256502641027680292702905026340241302410025130258502551023750214802033021170243302756028160267602453022990231602289021600209602144023530260902705026780267002655024640225702352026290272502502022870240702642027410281202962029660260102282024100265902723027420279702749026310260202645026920274202825028570260402193021870266003109034920416104883
02750027800274102619023900227302413024860233002292025140273102804028110278102716027370285902868027680271102624024980251002650027380269102525024060235302222022460250002628025480241302366023900238802502026940273602606023680225002333022340188501700017770200802383027000275302667027140288102799024890244302648026760242302209023280260102736027210270502673024640231602501027070271202786030230308402863026930266402643026630274702775025530211201834020270248002862034230437305210
0269602721027010260802379022410232602303022090239902688027980272302552025070268802956030660284102534025040265102732026970249902224021600219602135022400250602651026360242402131020850239602807029240277302592023750225202319022520196201741016900190002361027020277602755027250264602494024970274802878027130240902216023300258702750027820272202570023520229402503027300280002797027880277902871029980289402680026490275402781025550215001911020480237702751033990435005127
02632025910234302169023200260002659023740199601878020610239402667027250258102400024890279902889027650270602707027020272402761026750249602463026190278002804026950257502565026410276802928028330233201945020490222802087019170209902428025650250402344021900212802242025430275502726026420260002593025430229001942017720174101738019260231902607026510264502726027360252802350024540265102713026470255802546026310273802775027380261702383022520240802605026900279802878028130272402704026670268002887030960299702599021400184601814020510243002794033410421304987
0267102627024000228202402024190229802295023970256602731028020280202672024870255402876030730292102537021280186601851020550221102069018170169901796021440250102651026360242402131020850239602807029240277302592023750225202319022480194601733016860172101785018200199802390026700269502714029020299802674023090239302661026770241502215023360257902697027430278602704024550232302471026490275902974031400295902683026430267702644026550275302783025310207501800018020183001879021360247902733032000412305014
02577025150247702452025160265802716026700259202546025970272202809027510248102152020570209502045020980221502086018490175001827021020240602526025260242502221021190224902513026970277302830027170246802363022400195501773017490175601743017250187302280026710278502748027550270402447023090263103003028930245902203023290259502744027740274402609023300221302472027390279302827028460273202683028810301902860026990274102780025630214601847017640173501754020260248002851033840428004972
01691017040170501697017030171101689016500167201753017840177501782017520169401741019290204601921017410169101704017050169701703017110168901650016720175301867021970277303237
0271002719027060267802662026570254002257021060233802777034310438405167
02864034360441105343
026290263502393020090189602162024620261402732028460287602802025270208001896022280273803100035100423804974
027060277502738026170235702153022590249402650027680283102850028420275202747031790410505038
0271002719027060267802662026570254002289022340253002905034630438405167
0262902635023930200901896021620246202614027320284602876028020252702080018960222802738029060252301952016730178402164025540272202726026900263102631026990263502382022160233702653032110410604943
0257702651026880270702699026810266802599023930221402311025800269002517023550253102986035910430104913

02584026380265202693027450266902495024630261902780028040269502575025650264102768029270290502634024130241002513025850255102375021480203302117024330275602816026760245302299023160228902160020970215702399026070246702267023960266002683024070216202297026430283102846028150267202366022590263803031029720275602692026850266402643026460267702645025720262402726027230273302832028270254602240023750277702983033040409304879
0275002780027410261902390022730241302486023300229202514027310280402811027810271602737028590286802768027110262402498025100265002738026910252502406023530222202246025000262802548024130236602390023880250202694027360260602368022500233302234018850170001778020210242902698025150225602440028860301802639022530231602594027520276802736026310236102168023810273802835027900278302733026530268702872030120287702663026430267702644026550275302783025310207301856021080251102861034620441705224
026960272102701026080237902241023260230302209023990268802798027230255202507026880295603066028410253402504026510273202697024990222402160021960213502240025060265102636024240213102085023960280702924027730259202375022520231902252019620174101691019130240702700025380234402451026510271302647025580254602631027380277502738026170237502229023980263502723027680278502756027410269802637027070288502968028730271402630026620275502773025610215801889020090239902831034190431405111
0263202591023430216902320026000265902374019960187802061023940266702725025810240002489027990288902765027060270702702027240276102675024960246302619027800280402695025750256502641027680292802833023320194502049022280208701917020990242802565025040234402190021280224202543027550272602642026000259302543022900194201772017410173901939023650260502413022340245202741027470250002264023190263102976031170295402661023630222202414026820275402726026900263102631026990272702741027380267402646027140286803004029710281702549021530184701806020570243802752032160407904937
026710262702400022820240202419022980229502397025660273102802028020267202487025540287603073029210253702128018660185102055022110206901817016990179602144025010265102636024240213102085023960280702924027730259202375022520231902248019460173301686017210178501821020110243602668024570230302628030030289302459022030232902595027440277402744026090232202190024620276902826027970275302675027000287502989028870269702613026560267802636026610276102761024920209701881018330182101886021060242102783034280437505110
0257702515024770245202516026580271602670025920254602597027220280902751024810215202057020950204502098022150208601849017500182702102024060252602526024250222102119022490251302697027730283002717024680236302240019550177301749017560174301726018860232602669025470233702481027090266602459024410267102811027880276202737026250236902221024200267402701026870275402765027340272802695026600269702851029980289402680026490275402781025550215201855017420169601776021070251102850034230432404986
01691017040170501697017030171101689016500167201753017840177501782017520169401741019290204601921017410169101704017050169701703017110168901650016720175301867021970277303237
026320267402693026700248702343024570261802696027680278702689024510223902313025470257502359022600246902702027360261502513028870391104907
02864034360441105343
026290263502393020090189602162024620261402732028460287602802025270208001896022280273803100035100423804974
027060277502738026170235702153022590249402650027680283102850028420275202747031790410505038
02598026440268602671024870234302457026180269602768027870268902451022390231302711034450436205005
02629026350239302009018960216202462026140273202846028760280202527020800189602228027380290602523019520168001789021160245402644026810267702623024240225702360026150277402767026970265502566024050234802608032780421004981
0257702651026880270702699026810266802599023930221402311025800269002517023550253102986035910430104913

023930224602327025240263302684026970266502675027500281102833027460255902507026880295603066028410253402504026510273202695025620242402361023640246102608027130270702494021870203502208026900304902953026420236202251023270224501934017600189402207025260267302534023920255202752027450275602930030270288002687025420234302260024370262902604023630215602298026430283102846028150267202362022330256202838025850230402443026860275802695026340266302662025890263002803028590262702281021980242502785034370432304773
0271102775027380261702382022540241502599026710279602883027670259502565026410276802949029660271402554026380273102703025560241402299021290212002371026040271302707024940218702035022080269003049029530264202362022510232702243019420174501716018570222502607027040252502399025220269402792029440304702902027000263702555023440225202443026370258202324021780237902674028220285302785026140240902421026790271302405022540245602687027500270102642026410262302611027110283402848026280218101882020970265603113035190425405080
0258502668027030271702721027190265302425022850249702733027740282502851026860255402742029930294802761026110249702518026440273002709025480236602285022430230402499026380268102626024530236402387023880250202694027360260602368022500233302240019140175601830020160233302636026720244402358026990304602972027560269202685026640264302554023500224402390025980264602458022810240802642027410281202962029660258902233023240249602369022600245502693027420264802603027050275702714027400280202772026120240802284023020247302755032740411504884
02387026260265802586023900224202375026080276302874028850282702791026670248702554028760307302941026610248402517026520272402701025700240102242020420196502173024720263302681026260245302364023870238802502026940273602606023680225002333022360189301728017810182201980023350260602614024910254602816029210279202706027050268602656026490256202328022050241202679026770244902288023780258402788030000307902841024090218302337024970236102266024630267102703026700268402736027480272102710027440281502779024830205501848020450243102696029200346204315
022790254402630026310265002622024360221302152022690248102670027340267202611027090294703063028410253402504026510273202717026230250402502025970269902751026430248502366021100182201866023150274302772026700262302416021400203802170024720269202682025730242402331023970232701987017380177701962020810212602294025450262402455023140247302711027400266502673027340274302721026330239102249024810285502939025950224702317025940275202768027360263102357021420230502545024480233802534027340274702739028600299802894026800264902754027770253902128018390173601754020260248002765029450340204149
0247502345024470253302364022670246302676027540280502803026940257502565026410276802949029660271402554026380273102703025560241602307020650179001800021390248102626027110268402406021760227002513026820274402723026050237602244023250225901936017120172001789018190198002335026060261402491025460281602921027920270602705026860265602649025620232802205024120267902677024490228802378025840278803000030790284102409021830233702497023610226602463026710270302670026840273602748027210271002744028160278302489020610179101795020580243202773033490426504859
0276902761026210233102097022040248302617026610266202576025880272902779027140266102722028590286802768026890256302415022870208801895018160185602117024740263902704027140246402129020820239602807029240277302592023750225202319022480195201760017420179901867018190178702050024370253802396024420271702836027670273102755027050240402009019490223502504025920250302401025450278202803027090274202910030050286702592023300225902445026230259602385021950227602562028000285502808027020242002186023740272102710024840249302673027570270302628026550268402628026080272202825026320222701966018790182201904023070277703014034520439905253
01691017040170501697017030171101689016500167201753017840177501782017520169401741019290204601921017410169101704017050169701703017110168901650016720175301867021970277303237
026030261502396021580223502500026480265602753032640414704920
02864034360441105343
026290263502393020090189602162024620261402732028460287602802025270208001896022280273803100035100423804974
026240268402679025800234402160022640249402650027680283102850028420275202752031930409004932
026030261502428022860242702628026800265602753032640414704920
026290263502393020090189602162024620261402732028460287602802025270208001896022280273802906025230195201675017690208102412026150262202380021110220402542027430278102872033210418004969
0257702651026880270702699026810266802599023930221402311025800269002517023550253102986035910430104913

0261202593023880220202314025380261902623026800276802787027720280902810026580254802742029930294802761026110249702518026440273002709025480236002256021870224802468026150263302584024200222602093019480196302262025470264902700027600272502625026020264502692027420282502854025940211701925022840277303007034000423504977
0260902691027070261302385022590233802297022180243802704027750278902761026170253602742029930294802761026110249702518026440273002709025480236102265022130228202489026200263302584024210223502119019820198402267025470264902700027600272502625026020264502692027420282502855026030214301959023050277802991033320413104922
02668026830266002660026070239802251023700257602643024810233202504027370274502756029300302702880026870263402662026090249002516026580271602670025920254602597027220280902750025530245502529025040240102438025240258502595023800201601782017320187602243025960272802778028390276602630026930290202985028790279102767025620215201897020620243802764032720418105031
0258802667026910260902390022730241302486023150222102375025800267802674026570274902956030310278602516024540245902518026440273002731026090244302485027000281102773026410246202278020990213302431026130257402572025940238401994017660173101729018710224302596027280277802839027660263002693029020298502879027910276302546021300182301808020650241602705032050409304892
025550262602664026780267602677025910244202485027000281102795027020254502507026880295603044027800245202284020880194302103024000254402570025400235202059018730182901843019780226502584028730304902978027550262702656026780263602661027610276202501021230191301910021340250902827032750406904827
02164023450259402683026730267002695026610247502331024290262202741027800279202850029080285402734026880271802724026250249002516026580271602648025310246702384021570200202141023860257402810029360260402054017780174001749019180227402554026330265302729027670272002727027550269102652027910300502904023700188301800020580243202765032210380904212
023470228902501026590249302339024860268102655024610236902571027510256902344024140254802587026500265502446021710205302156024340264802675026260256602552025530253002595026990272102761028490283902734026880271802702025640240702287020690181701775020560244502617026560267202431019910180401965020790196001962022620254702649027000276002725026250260202645026920274202825028540259402119018690197602150022750246802765033260414904638
026840275002706024740226002332024580234902219022260227202437026080246402245024220286603104029730275802690026240250102510026500273802709025700246502566027310280202780026110240502334023130220802067021300238302537025860258702383020170177801720017260179702005023460262502696026970279802943029820287302714026300266202755027700255402162018510171801781021070251102855034270432905099
01691017040170501697017030171101689016500167201753017840177501782017520169401741019290204601921017410169101704017050169701703017110168901650016720175301867021970277303237
02839034430436705273
02864034360441105343
026290263502393020090189602162024620261402732028460287602802025270208001896022280273803100035100423804974
026240268402679025800234402160022640249402650027680283102850028420275202752031930409004932
02839034430436705273
02629026350239302009018960216202462026140273202846028760280202527020800189602228027380290602523019520169101841022100254202826033620422304982
0257702651026880270702699026810266802599023930221402311025800269002517023550253102986035910430104913

025880266702691026090237702228023730258402689027540269602567025950269902721027610284902839027340268802718027020256402411023790243602502025310252602381020450184202007023280253702685029320310302935026770264302677026440265502753027870254502155021220248502839033080412304890
0266602695026780267202610023870221302263023080233802515026110242702225023000259502926030730285302537025040265102732027170262302504025020259702699027510264302485023710220602195024790281002900025450200701747017610194702273025460265502692027070268602689027360274802721027100274402813027760248902135021160242302776033250423105044
0268302719027080261102379022410232602303022090239902688027980272302552025070268802956030660284102534025040265102732026950256202425022890210802159024750266002629024100202901754017840215502617027640268502694027610271902633026550268402628026080272202829026420222201982021110242102798034840445005156
0270702731027400272602692026730258302439024850270002811027950270202545025070268802956030440278002451022750206201909020890242002587025430227401933018050180401815020030232302537026850293203103029350267702643026770264402655027530278302531020750179801858021380250202860034220433805140
027560278302733025920230802079021740244402639027420269302567025950269902721027610284902839027340268802718027020256402408022960209501927020630239402629026380240002052018300174801802021550261702764026850269402761027190263302655026840262802608027220282602635022260194201878020530246803009037090456405260
02682027050269802609023790223502302022860225702484026200242002255023580254802738029560297802717025540263802731027250261702496025240263602677026700261202494023590214001880018190213202646029220277502369019520177101930022730254602655026920270702686026890273602748027210271002744028130277102471020490178801795020580243202783033700431205102
01691017040170501697017030171101689016500167201753017840177501782017520169401741019290204601921017410169101704017050169701703017110168901650016720175301867021970277303237
0261602437022720241202644027170263502383022160242502725028150279102900034230432505030
02864034360441105343
026290263502393020090189602162024620261402732028460287602802025270208001896022280273803100035100423804974
02656026100238802174022840255502667026650271902828028440277502893034700438205090
0261602437022720241202644027170263502383022160242502725028150279102900034230432505030
0262902635023930200901896021620246202614027320284602876028020252702080018960222802738029060252301952016870182402183025210262802412021280217302485027270273002476021980223202507027490293803169035760427904983
0257702651026880270702699026810266802599023930221402311025800269002517023550253102986035910430104913

0267202741027640272802623023790210301970020710240402698027790275602690026490274502956030920297602693024930251702652027240272302631024820246302619027800278202634024950242402392024780274202932026420205801771019560236102638027090265702426022130237402710027560251102369024820253002402024730277202873027900276502716026380264902676026500264702700027470260502283022210251302861034240433105091
0238702626026580258602387022300235102564026760272702722027300278602779027400279602881028480273402688027180272402625024900251602658027160264802531024700247202497025350256902580024650225802144021850240002632027100265102434022660241302646026220240802340025140261102443022960242002693029780312002933026740264302677026440265502753027900255702173021340248802765029570347404317
02304021910236002611027070268502627026110270302757025790234802251022270232802593029090307302954027870274602656025070251002650027380270902570024650256602731028020278002611024040232802375025140257902553025770242102025017560175001972023430259102678026990252102338024840270902666024770251602776027570240202235024300265702746027770272302622026020264502692027420282502854025970212901943022960277603003033830413504582
0230402191023600261102707026850262702611027030275702579023480225102227023280259302909030730295402695024200228302444026880272102500023090241602647027740278302689025750256502641027680294902966027140255402638027310270302556024130230302155021480235002570026700249202107018310177102022025880298702927026870242802267024070265402675024470227602380025080241402328025010273402801027680275302862029980289402680026490275402777025470215801943020760238502752033880420704604
02754028040272802480022890241902631026860275802884028790279402767027520270302664027240285902868027680271102624024980251002650027380268702509023830234402236022470244102564025800245902253021110197202003023450264502711026430244002274023910260702644024890237102505026180241302238024670288103095029950275302624026560267802636026610276102762024990211301959021520250502862034270435305199
027270273502717027220267102449022660236702589027440280402822028370271002500025540287603073029410266102484025170265202724027010257002400022460214402255024630259202668025170226302392027410273602469024520263202710026510243402266024130264602622024080234002514026110244302296024200269302978031200293302674026430267702644026550275302784025430211101908021410251902858034550441005198
